5804_87_4390 0 100 -116 -20 250 500
5155_26_1314 0 140 -116 -20 110 260
5877_33_1699 40 150 -60 70 600 800
5153_66_3324 40 256 -116 -20 0 150
5418_74_3732 0 140 -100 100 190 340
5845_75_3784 20 200 -10 116 400 600
5419_131_6573 0 100 -60 60 600 700
5130_0_8 0 50 -120 0 150 350
5215_0_50 25 230 -90 90 600 730
5772_2_133 0 120 -50 70 400 600
5589_2_142 0 150 -120 0 800 1100
5189_5_277 0 125 -40 90 850 1100
5197_6_309 10 125 -120 0 350 500
5756_6_349 20 150 -40 120 170 400
5271_8_408 0 140 -20 120 500 630
5377_8_422 210 260 -120 20 800 1100
5509_9_460 140 260 -120 0 550 750
5169_10_504 30 220 50 120 80 200
5937_12_602 0 70 -120 -40 0 300
5712_14_737 170 260 50 120 460 600
5691_17_864 140 260 -60 60 550 700
5691_17_883 200 260 -120 0 200 370
5142_18_909 120 200 -120 0 480 650
5485_18_921 40 170 30 120 800 1100
5470_19_980 130 220 -120 0 500 750
5557_19_982 0 70 -40 120 840 1100
5197_20_1037 30 160 -40 100 660 830
5452_21_1084 160 260 -60 60 500 570
5332_22_1108 90 260 -120 120 180 400
5237_23_1157 100 220 -80 120 300 500
5197_24_1244 0 150 -120 -20 420 550
5397_26_1323 20 170 0 120 400 550
5730_26_1346 0 210 -70 70 150 260
5929_31_1582 50 240 -100 20 450 600
5512_31_1587 120 250 -90 0 220 400
5536_32_1612 0 60 -60 60 400 600
5134_35_1778 130 230 -120 -40 0 100
5436_36_1836 0 200 -80 90 260 500
5401_36_1839 60 200 60 120 0 150
5720_39_1992 0 120 -120 0 150 350
5904_40_2038 40 170 -70 90 550 650
5607_41_2090 0 200 0 100 220 400
5741_46_2319 80 2420 -80 80 50 250
5515_48_2424 130 250 -80 120 150 350
5561_52_2617 140 240 -120 20 240 400
5331_52_2648 0 100 0 120 940 1100
5344_53_2665 0 60 -30 90 550 700
5187_54_2727 120 230 -120 -60 520 650
5171_57_2867 0 200 -90 20 600 780
